32 32
8.7 17.5 8.8 14.7 1.5 19.5 4.6 2.2 19.4 12.1 9.5 17.5 10.6 9.7 9.1 15.3 7.0 5.8 15.2 5.3 7.5 17.7 18.6 9.0 19.5 5.3 17.8 17.5 12.1 18.3 13.7 19.9
18.3 5.7 16.9 8.9 2.1 12.5 2.5 13.5 10.3 12.6 14.8 18.5 9.7 5.8 2.3 11.7 15.2 18.9 10.2 19.0 13.4 1.2 1.0 4.2 14.6 3.8 5.7 7.8 19.6 4.2 4.2 4.9
0.4 18.8 11.9 15.7 7.5 19.7 0.9 17.9 16.8 7.1 10.0 7.2 16.8 10.4 13.4 11.3 7.7 12.7 1.9 15.0 19.0 7.7 11.4 10.4 15.4 15.4 6.4 2.5 5.6 8.1 4.2 13.1
11.5 9.9 16.0 18.2 12.0 15.9 15.0 15.7 8.6 7.0 19.6 2.5 8.7 6.3 11.6 8.0 17.3 0.1 17.1 11.9 16.7 0.6 11.0 18.9 18.6 1.8 16.3 13.8 8.7 15.2 13.3 6.5
1.6 14.0 18.8 18.7 7.7 0.1 15.3 19.1 11.3 13.2 18.4 19.8 12.6 5.7 15.2 16.1 10.8 12.6 1.8 0.3 2.3 11.8 17.4 15.6 2.5 12.2 5.1 2.8 8.3 11.5 13.8 18.3
12.1 6.4 15.6 4.6 19.3 9.0 5.6 4.2 6.7 9.0 11.7 11.8 18.4 0.7 18.4 10.1 6.6 18.2 5.9 11.5 5.1 4.2 2.1 7.2 9.4 19.4 11.5 17.7 19.3 9.8 2.4 0.3
12.0 11.2 1.0 19.2 13.2 13.4 10.6 18.1 14.8 10.0 1.4 3.0 11.6 4.5 11.6 10.3 10.4 18.5 9.7 16.7 9.4 11.3 0.8 14.1 16.9 9.7 9.1 16.1 16.9 5.8 0.6 5.1
7.5 7.5 6.7 13.1 10.7 15.8 19.2 4.4 8.9 7.1 0.4 7.9 16.1 4.4 14.8 19.2 6.6 8.7 8.0 11.1 16.3 12.6 19.7 1.9 0.6 8.5 7.8 15.3 10.3 12.6 9.9 17.8
7.5 17.8 1.6 9.0 10.0 1.6 9.5 1.1 19.9 11.7 15.2 6.4 7.9 6.4 18.5 6.3 14.9 9.0 9.2 4.8 19.3 19.4 1.8 3.1 17.1 5.8 4.2 12.9 4.6 6.6 8.5 5.7
12.0 10.2 17.0 5.4 12.9 7.1 20.0 14.6 12.2 12.7 2.1 18.3 4.4 15.8 10.4 4.6 2.1 15.8 13.5 19.5 3.6 17.9 16.9 16.2 3.0 4.2 7.0 13.6 11.8 1.8 2.5 13.7
5.5 5.9 12.6 5.3 3.9 3.4 5.8 4.1 7.8 1.1 9.8 10.2 0.8 16.2 18.4 5.9 16.4 1.0 13.7 16.8 1.2 17.4 14.9 18.1 4.2 18.4 2.9 6.7 15.0 8.0 15.6 17.4
13.4 12.9 13.9 7.3 15.8 19.2 11.7 10.8 6.8 4.1 1.8 0.6 7.9 13.2 0.7 17.9 6.3 2.0 6.0 12.4 10.2 16.7 12.2 6.5 10.3 11.4 0.2 0.2 1.7 10.0 14.6 6.8
9.9 9.8 8.9 12.3 13.7 8.5 3.0 9.9 15.1 8.0 8.6 6.2 11.5 0.9 8.4 15.1 5.5 7.9 13.5 12.1 11.8 1.1 9.5 0.4 10.1 1.3 8.3 13.7 18.0 11.7 14.1 10.5
7.3 9.7 5.7 10.0 3.4 5.3 1.3 4.5 12.2 6.0 11.1 12.0 14.0 7.4 2.1 11.2 9.0 17.0 12.6 9.3 6.2 10.2 1.0 10.2 18.4 14.0 18.0 17.8 2.9 19.0 17.5 4.4
6.3 19.2 0.9 2.6 3.6 19.5 18.9 13.6 10.1 8.2 0.9 14.0 3.0 2.9 8.2 10.0 3.0 11.8 2.7 9.1 15.0 19.2 11.2 2.8 1.0 19.1 5.0 17.9 3.1 6.0 8.0 2.7
14.2 12.5 7.3 2.5 5.0 9.8 18.6 1.4 17.6 1.3 3.4 6.7 5.6 6.3 7.6 2.7 5.1 3.0 9.7 9.0 0.4 18.9 10.4 18.4 11.5 11.1 20.0 6.3 10.9 19.0 10.3 16.7
7.4 18.5 10.7 6.6 7.9 6.3 19.7 7.6 16.7 11.3 19.7 7.1 2.0 14.9 11.7 15.4 12.3 8.7 17.6 5.8 7.2 8.5 7.4 2.1 13.0 18.7 1.1 6.8 13.5 12.6 6.8 17.0
18.1 4.0 14.6 5.0 3.8 18.5 18.7 10.9 12.9 13.6 18.1 14.2 5.0 1.7 4.8 16.6 14.0 15.0 18.3 17.8 14.3 4.9 12.4 7.1 11.2 2.2 8.0 3.5 14.3 15.5 3.0 2.7
3.7 11.0 2.7 0.9 6.4 17.9 19.9 9.8 15.3 12.6 12.1 12.2 7.0 11.5 6.4 17.6 12.5 0.8 3.2 1.3 16.8 10.9 4.8 5.0 17.6 0.2 2.4 18.3 15.6 7.5 3.1 16.0
5.2 17.2 8.8 11.3 17.6 19.4 1.5 16.2 2.4 18.1 18.1 9.5 12.0 0.1 19.2 6.8 16.1 18.7 0.5 8.8 11.8 10.7 6.1 6.1 16.6 12.8 0.5 2.3 19.0 5.7 13.4 18.9
13.9 14.9 19.8 12.5 1.9 8.9 10.7 16.0 6.6 5.6 1.5 17.8 3.8 13.8 9.5 0.8 10.3 6.1 20.0 15.1 2.0 11.4 9.8 14.5 11.0 12.4 16.0 14.3 4.4 4.1 13.8 14.4
7.1 4.2 11.6 2.3 1.6 4.4 14.0 7.8 15.2 5.1 6.0 15.4 12.2 14.3 14.7 8.5 16.7 11.4 10.8 11.2 13.2 9.0 3.9 15.3 13.0 13.9 4.7 3.3 18.0 17.1 10.8 4.2
7.4 2.3 6.1 1.1 16.9 3.4 4.7 16.3 11.9 10.7 8.7 15.4 7.3 6.7 9.1 16.8 15.5 6.4 15.0 15.6 19.5 13.6 4.6 6.2 17.9 12.3 1.7 10.2 9.5 19.0 7.3 14.0
12.3 6.8 15.0 4.5 8.2 18.3 6.8 3.9 19.2 13.4 0.2 4.0 11.7 4.1 19.1 0.4 10.0 13.4 2.7 13.5 19.2 0.9 19.8 19.6 17.1 0.7 14.5 3.2 1.9 7.1 2.8 5.9
0.8 11.9 17.0 9.3 17.6 3.7 3.2 16.0 1.8 10.2 5.5 8.7 14.2 2.3 18.8 18.4 19.1 12.7 14.6 5.8 11.5 17.3 15.3 15.7 3.6 1.1 16.3 17.5 3.7 1.6 12.5 10.3
11.6 10.8 14.0 1.7 4.1 15.7 3.6 3.8 7.2 13.2 10.6 4.3 5.9 12.6 8.5 16.9 18.4 0.5 11.2 10.0 7.5 13.9 18.2 18.4 9.0 11.3 4.3 9.9 1.6 3.6 5.1 18.2
5.7 10.7 19.5 3.5 7.4 5.4 13.7 1.7 3.4 1.3 3.1 0.4 2.5 7.8 15.3 4.2 4.4 9.8 1.5 8.6 12.1 14.5 9.3 12.7 4.5 14.9 9.3 14.9 17.3 5.2 18.8 9.5
9.6 6.1 5.7 10.0 15.3 5.1 16.1 3.7 10.1 8.1 11.0 17.5 3.9 5.7 5.9 12.8 6.7 1.5 18.2 0.7 1.0 13.1 13.0 4.7 7.8 1.8 5.5 18.3 17.3 19.2 13.4 0.5
7.0 2.0 8.4 3.0 5.4 16.5 9.6 3.7 16.3 16.2 4.1 11.3 15.0 12.0 11.6 11.5 9.9 12.5 7.3 6.1 10.9 8.0 17.7 1.5 2.7 2.0 11.0 18.2 19.0 11.5 18.9 18.5
4.8 11.8 3.2 1.8 15.1 9.2 2.3 3.5 9.3 16.1 14.2 2.5 17.3 5.1 15.2 8.4 6.2 13.0 2.9 17.1 17.9 8.9 12.4 3.2 18.6 14.9 15.1 20.0 16.2 5.5 5.5 2.3
9.3 18.4 3.2 16.4 0.3 9.7 0.7 2.5 4.6 19.6 9.8 3.0 3.9 4.6 15.0 19.3 11.7 13.9 4.0 16.3 1.0 14.9 8.8 15.4 3.7 3.5 10.5 3.1 7.0 2.6 18.8 11.9
7.5 4.7 3.9 7.3 8.9 15.7 3.4 0.4 7.7 12.6 5.6 7.3 16.5 19.7 10.8 18.2 10.5 18.4 17.9 8.6 0.8 9.7 4.9 12.1 14.2 15.2 18.8 17.6 8.5 3.4 17.5 16.4